Mayow,R.M,98342
Prott,S.V.C.P,39869
Whatsize,K.B.W,98287
Heliet,N.H,87047
Sedgemond,D.Q.S,88875
Skiggs,U.R.S,68342
Summerly,C.S,77297
Piggott,C.P,80043
Vankin,F.V,61040
Peracco,L.P,91328
Lintall,V.F.L,42805
Nasey,M.N,87216
Gaunter,T.P.G,65266
Honnicott,R.H,79225
Peaddie,G.O.P,21335
Strutz,Y.Y.S,01060
Trymme,V.L.T,09917
Zuann,B.Z,37423
Macourek,V.M,01626
Durnill,J.L.D,79393
Gowland,X.G.G,47031
Geroldi,Q.G,03423
Lant,N.C.L,77527
Killingworth,M.K,86730
Simper,P.T.S,40691
Sinfield,B.S,95072
Noblet,F.N,96251
Purnell,Q.P,63088
Colt,L.C,18934
Szymonwicz,I.J.S,90638
Zorzini,J.V.Z,44332
Hawkswell,P.V.H,22441
Braine,I.X.B,60883
Fardy,D.H.F,14961
MacArte,E.Z.M,25533
Keaves,K.K,98464
Sabey,F.G.S,39998
Chieco,I.G.C,04953
Levington,T.O.L,03738
Palliser,T.Y.P,01346
Aland,L.W.A.A,46325
McLellan,O.M,81355
Ridout,V.X.R,35779
Grgic,Q.L.G,60195
Willoughway,Y.W,63694
Gremane,B.G,56700
Pollicote,U.P,37327
MacRinn,U.G.S.M,55713
Ramshaw,C.R,53340
Thursby,I.C.T,66414
Batchelor,F.B,72049
Essam,I.X.E,55155
Lilliman,E.A.L,56452
Hurll,Y.H,81466
Lutwyche,L.A.L,10746
Dudmesh,F.E.D,39439
Gurg,T.V.G,81561
Tomicki,N.T,71676
Champain,G.C,52929
Wenden,W.O.W,11438
Dunton,D.D,02771
Derrett,B.D,85675
Bantham,E.B,63107
Ouver,J.O,95009
Richings,F.R,34252
Gianotti,Z.B.G,58725
Pittwood,Q.C.P,42223
Hischke,G.G.H,68705
Suatt,A.S,00632
Coldtart,O.C,42144
Kasparski,L.X.H.K,85473
Shank,I.S,02049
Witherington,H.U.W,49004
Adacot,R.A,80702
Greasley,Q.G,83844
Crayden,C.C,29953
Whardley,U.M.W,24091
Grassin,R.Q.G,80267
Mangan,Q.F.M,19089
Knobell,N.K,98612
Snazel,E.S,38333
Gonzalo,Z.G,32704
Ham,P.H,50329
Matous,H.F.V.M,98043
Loddon,A.L,00535
Weathey,R.W,81316
Fenix,A.J.F,63560
Shillinglaw,Y.O.S,74432
Streetfield,D.B.F.S,79327
Fortune,W.H.F,39394
Wealthall,B.W,48648
Slocomb,T.S,82585
Ledwitch,T.D.L,03947
Ivatts,W.I,76648
Tierny,F.E.I.T,40119
Domb,Y.L.D,26498
Stote,O.M.S,84044
Riccione,V.J.R,04205
Pulley,J.H.P,68781
Mouget,Z.M,10061
Woodison,Q.W,43876
Rennebeck,A.R,86444
Mole,B.C.M,82610
Tropman,B.W.T,37192
Touret,A.T,75756
Ashwin,J.A,93871
Twamley,Z.T,77133
Warner,H.R.N.W,01136
Knudsen,R.K,24219
Leguey,J.N.L,47468
Newcom,Z.O.N,38137
Peace,C.D.P,99972
Noon,J.N.I.N,35866
Brannon,B.B,25692
Burnard,U.M.B,94533
Binch,X.B,74325
Caban,U.C,40931
Minguet,U.M,97300
Cowdrey,C.C,86291
Robrose,C.R,04911
Farnill,S.D.F,94636
Massimi,B.K.M,28838
Rushton,S.R,51009
Cattemull,O.E.C,26737
Clunan,P.H.C,20404
Deely,F.D,32608
Biaggioli,S.B,97075
Lumby,U.B.L,16396
Donnel,H.F.D,66455
Haddrell,V.H,20997
Sollom,L.S,94460
Treverton,Z.T,49828
McKissack,C.M,94301
Abisetti,W.A,20530
Josskowitz,Y.M.J,63386
Fansy,W.A.F,39946
Bellingham,W.B,02440
Emett,D.W.V.E,77875
Willshee,G.I.W,74201
Dahlgren,N.P.P.D,26170
Toulson,B.H.T,42355
O'Scollee,D.O,75619
Aland,B.F.A,22306
Ocklin,Q.O,32358
Speak,F.I.S,00671
Normaville,F.S.N,09040
Cheyney,G.C,88996
Rennebeck,N.K.R,86865
Sambles,O.S,23833
O'Kenny,F.V.O,49528
Baillie,B.B,46486
Brisard,O.C.B,10476
Igo,C.G.I,43794
Trinke,F.L.T,09874
Labrom,J.L,83162
Minmagh,Z.M,46044
Beange,U.B,36408
Croson,P.C,04999
Mounsie,R.M,58097
Kesey,T.K,70679
Devonport,O.D,80612
Etienne,L.O.E,23087
Carvilla,U.C,35677
Andrivot,R.I.A,79655
Dalbey,T.J.D,38365
Boschmann,B.W.B,06406
Clappson,T.C,99328
Johns,F.C.J,48035
McKitterick,B.H.M,14173
Szymanek,J.Q.S,84008
Messenbird,V.M,36553
Bum,Y.B,92791
Figgen,R.F,66958
Smewings,W.S,52368
Gilder,X.R.G,50379
Kinig,Z.K,58294
Mulvagh,X.D.M,23851
Lumby,Q.O.L,81497
Taysbil,Z.W.T,46376
Jeppe,R.J,83657
Kolakowski,X.Y.K,99420
Van,H.C.V,09112
Pearcehouse,O.P,55406
Hartegan,X.H,45572
Elcombe,F.E,96162
MacLure,P.Y.M,96990
Roslen,P.T.R,06599
Balog,L.B,57854
Strodder,H.A.S,36620
Simoens,N.V.S,80264
Sandercroft,U.S,19344
Woller,R.X.W,68429
Tuite,O.F.T,02817
Eake,G.E,87667
Poppleton,H.E.P,61524
Higounet,O.S.H,96996
Rizzardi,S.R,59955
Aire,F.V.A,47790
Pyson,J.V.P,69888
McQuarrie,X.N.M,83312
Tatershall,N.I.T,34711
Yonnie,N.Y,26686
Eliasen,Z.C.E,75425
Bowditch,H.B,81665
Corday,M.C.C,12492
Munns,C.M,20518
Conring,S.K.C,78572
Sentance,O.W.G.S,40377
Streatley,Y.Q.H.S,31264
Clavey,Q.C,69494
Matzaitis,U.G.M,56247
Ettery,O.E,34480
Ramsdell,U.R,19515
Soot,D.S,36394
Slyford,M.F.S,30153
Kobiela,N.K,84406
Walesa,E.W,65745
Hasted,L.F.H,40571
Depport,Z.H.D,03975
Rowles,D.E.P.R,14334
Chalfain,J.O.Q.C,54358
Tortoise,L.J.T,30091
Glyne,S.G,72415
Hadye,I.H,53026
Wolford,O.W,51674
Corten,M.O.C,38108
Di,D.D,16470
Pickett,S.P,92319
Macconachy,S.C.M,38653
Morrallee,A.M,31905
McGaraghan,E.S.M,37528
Fiske,C.K.F,13753
Le,U.L,99991
Mowday,J.K.M,77877
Fludgate,N.F,76624
Ferrick,X.F,88485
Reijmers,M.O.E.R,07527
Coleford,X.K.C,34880
Loren,J.L,16765
McLachlan,M.M,96462
Hugland,U.H,35337
Bernard,O.D.B,35927
Quartly,C.O.Q,49427
Haszard,D.R.H,67411
Govinlock,U.A.G,34772
Belderfield,R.J.B,71144
Chaperling,E.D.C,68587
Fillgate,D.F,80195
Moodie,Q.M,91228
MacGiany,B.Z.P.M,36015
Brockhurst,C.B,21462
Willshire,G.W,39535
Boucher,P.N.B,35362
Dunley,L.D,48466
Vowells,S.V,90003
Okenden,I.O,92409
Yapp,J.W.Y.Y,87335
Macek,F.I.M,83941
Carver,D.C,54354
Isaaksohn,G.M.I,01820
Gookes,S.G,77767
Bollum,N.L.B,28671
Layson,W.L,97510
Craighall,S.C,79963
Camps,U.C,54248
Eliaz,V.E,45914
Biddell,R.Q.B,23710
Fell,J.K.F,89524
Ropking,R.R,43725
Watt,N.W,86791
Wortt,B.W.W,54005
Clemens,Q.T.C,59090
Rohlf,M.R,90563
Keers,F.O.M.K,55295
Bury,Y.D.B,70725
Drysdale,P.D,78039
Boerderman,P.B.B,38258
Benini,I.A.B,82090
M'Quharg,S.G.M,84494
Boscott,B.B,79340
Maffetti,G.L.M,76417
Benbrick,P.B,17211
Giacubo,M.M.G,94807
Rivett,G.E.P.R,53079
Brun,N.J.B,39339
Benedit,F.B,50679
Abbati,R.A,94470
Maynell,S.M,18064
Morit,Y.N.M,48266
Penbarthy,L.Z.P,35402
Gillbey,C.K.G,55023
Lalonde,D.L,00756
Caesman,A.T.M.C,51060
Adamowitz,Y.A,43369
Adamczyk,U.A,52780
De,K.D,60727
Heatherington,X.H.H,23421
Milbourn,Y.C.M,17467
Garaghan,J.I.G,10947
Berndsen,S.X.B,99015
Derry,K.V.D,35640
McCree,Y.M,28759
Hessing,L.X.H,07929
Saunt,E.J.S,88061
Ransome,I.R,97463
Shark,T.Y.S,62008
Rawcliffe,B.I.R,47562
Azema,V.A,24456
Menguy,S.H.M,32217
Arnot,F.A,97440
Gaenor,J.G,94066
Forde,D.U.O.F,06662
Bradforth,G.S.B,21945
Tomley,O.T,86642
Maps,B.M,05176
MacGlory,M.X.M,74654
Philpot,E.P,33947
Ravilus,Y.A.R,02191
Culy,K.I.C,45728
Ridgway,W.U.R,97786
McArthur,S.W.Z.M,26302
Christophe,P.C,42564
Whybrow,A.X.V.W,57897
Rudsdell,O.K.R,45015
Peers,J.P,93941
Flavelle,H.G.F,12406
Tinwell,G.T,63595
Novotni,V.I.N,24208
Kier,D.C.K,22108
Deackes,E.D,90176
Taye,A.W.T,31135
Iglesias,F.K.I,57637
Hinchshaw,F.F.Q.H,25244
Boneham,H.W.B,36219
Kennewell,Z.K,45357
Filimore,F.H.F,70278
Eckery,K.E,80106
Bayldon,Q.B,73011
Sumpner,R.M.S,39424
Biesterfeld,T.V.B,47563
Tather,T.R.T,28625
Poundford,C.V.P,03136
Dowse,O.D,26868
Bonnet,U.B,05771
Etridge,T.E,51763
Elsbury,G.J.E,06558
Kleinzweig,U.X.S.K,98722
Haldene,U.H,06445
Billows,L.S.B,88827
Posthill,J.P,24794
Petters,V.P,07082
Hedderly,K.H,66935
Ingerfield,H.N.I,29580
Elleyne,T.E,36994
Garnett,Y.H.G,75920
Antoniottii,P.I.A,67587
Leadley,R.L,88246
Ealles,O.E,19079
Wase,T.J.W,00937
Manvell,U.N.M,20992
Leggott,G.A.L,22848
Willshire,Y.W,56414
Devas,K.S.D,51373
Foort,O.F,18782
McGraffin,P.O.W.M,92373
Strike,J.O.S,13739
Larose,B.M.L,00999
Comer,Q.C,15438
Kubat,S.G.K,96482
Keble,A.K,45708
Jina,B.J,03927
Styan,O.N.U.S,14515
Rains,C.U.R,80308
Orwin,G.A.O,01285
Cozens,W.S.C,46445
Crier,H.E.M.C,03434
Walisiak,Z.W,60539
Piatto,O.P,86878
Sessuns,L.S,75665
Pigram,C.J.P,83074
Shannon,Y.S,82702
Kmietsch,F.S.K,22229
Golsworthy,X.G,09188
MacKerley,P.M,35632
Rigbye,H.L.R,08225
Sandon,P.S,48886
Weldon,F.W,63596
MacNucator,U.D.M,61675
Bartens,R.G.B,97259
Ladon,Y.M.L,38869
Yitzovitz,Y.E.Y,14905
Gallahar,Z.W.L.G,35467
Scard,N.J.S,47316
Royl,B.R,27007
Roffe,R.R,60304
Maceur,M.H.M,43006
Hulle,H.Z.H,64845
Klimus,N.W.W.K,13567
Snazel,V.N.S,60777
Pickthorne,E.F.P,94458
Fredi,Z.X.F,01200
McAleese,A.G.M,65279
Riddiford,G.R,99573
Agiolfinger,K.P.K.A,28131
Amy,T.A.A,15685
Climance,V.P.C,88735
Hearle,K.P.H,27373
Tout,Y.T,41061
Chatt,P.Y.C,51094
Thompsett,J.W.T,86160
Claxson,Z.C,81389
Lorait,R.O.L,85539
Stockford,G.W.S,92662
Deinhard,O.N.D,82878
Lambert,E.F.L,91336
Anthes,Z.A,18153
Worge,Z.W,00410
Mirfin,S.A.S.M,43216
Linner,I.Y.J.L,01690
Manzell,H.W.M,25007
Caddies,H.C,03550
Mabbe,C.F.M,41678
McCaffrey,S.Z.M,96963
Gookey,A.I.G,54215
Headings,G.I.H,58037
Posselt,E.P,91039
Broome,O.P.B,19168
Crim,G.V.C,56286
Treadger,C.A.T,85649
Busfield,J.B,08882
McGhie,E.M,28502
Karlqvist,B.W.Y.K,27716
Aldrich,Z.A,29851
Stride,I.S,64858
Claiton,H.T.C,46244
Broe,E.I.W.B,88122
Ebdon,W.E,36312
Badsworth,K.B,11273
Marquez,Z.M,53829
Hattiff,D.H,48311
Allison,D.A,56939
Denisovo,X.D,77804
Austin,V.A,24032
Ashleigh,F.A,34558
Borrow,L.B,42582
Hember,N.L.H,84841
Esplin,G.E,34590
Venners,X.V,18012
Riveles,Z.Z.R,11487
McCarron,D.M,09304
Gooder,J.G,16956
Massy,M.S.M,40515
Meneghi,K.Z.M,28962
Chaff,H.B.O.C,54841
Delves,B.D,29811
Ren,U.R,25200
Drife,L.D,83178
Gerrell,Z.G.F.G,94447
Gaines,L.I.G,53487
Storrah,N.T.S,11864
Monkman,B.M,46099
Kerans,Y.K,68974
Wrankling,I.F.W,39668
Randalson,M.H.R,27565
Audenis,M.A,52831
Taylot,B.T,43223
Wride,R.W,20662
Rosel,Y.R,69735
Barkway,R.T.B,07680
Redwall,T.R,47024
Slocumb,V.S,45163
Hamm,K.H,53306
Pedracci,M.P,48371
Spering,H.J.T.S,37713
Morrall,S.L.M,73815
Eilhart,Q.E,32795
Presdee,N.P,11747
Earp,B.E,38977
Idell,W.Z.I,44755
Izak,L.Y.I,66613
Tupper,J.H.T,13068
Donkersley,E.D,63175
Fishly,L.F,76131
Chesman,F.E.C,73594
Collishaw,U.W.C,58410
Troman,C.T,32172
Hurling,D.P.H,41340
Phare,Y.Q.P,38057
Ruxton,G.R,20163
Nussii,J.F.V.N,69753
Bilyard,M.B,77859
Cicculini,U.M.H.C,14256
Smedmore,G.L.S,34685
Mussen,A.C.M,64615
Croot,T.Y.C,59984
Caras,H.C,49693
Quinnelly,W.D.Q,24450
Matthaus,N.O.M,07684
Skudder,F.W.S,32957
Rotlauf,I.Z.R,35024
Origin,S.O,24169
Glaum,B.G,16445
Malpas,V.M,90739
Cicculini,O.K.C,42802
Brosius,U.B,86579
Borrett,P.B,09126
Ranaghan,Z.R,89255
Kinneally,M.K,33030
Azam,Y.W.A,76340
Hollyman,W.Y.B.H,49177
Fraczak,K.Q.F,35324
Downing,M.D.D,63192
Ashdown,C.L.A,31166
Skillanders,C.P.S,44702
Bostock,T.B,97540
Nekrews,D.N,84678
Cluatt,H.C,47953
Fursse,Y.M.F,85411
Sooley,R.S.S,74801
Haylands,Y.H,55167
Ochterlony,S.N.O,25707
Castellani,X.C,05829
Kingett,C.P.K,73514
Garraway,G.X.G,64136
Kevlin,P.J.K,90673
Welsh,S.W,79351
Gayler,H.G,92450
Bastick,R.M.B,83168
Mallam,P.M,01523
Gorey,S.Y.A.G,31741
Studde,I.R.S,17205
Saltrese,U.D.S,64244
Esh,J.E,83564
McCaughey,P.M,43039
Yushmanov,K.N.Y,37507
Domerq,T.A.D,75471
Sherrell,O.S,58743
Grint,M.L.G,01272
Sidsaff,G.S,21144
Cabane,R.V.I.C,72758
Gouny,F.G,34565
Burtwistle,H.N.V.B,53741
Lait,Z.L,43713
Stanworth,I.S,61481
Beckerleg,L.B,01543
Derell,Q.A.D,17110
Perell,W.E.P,81393
Burnhill,W.U.B,86125
Phin,I.M.P,72604
Barbier,D.Y.B,01123
Mellmer,T.M,92141
Franke,Z.R.F,87874
Patnelli,V.P,82760
Tod,D.L.T,46623
Spilsbury,H.S,53917
Brundell,J.B,25598
Robberecht,N.S.R,91640
Meachem,R.M,06745
Treven,M.T,69985
Reignolds,U.R,06804
Flippelli,P.Q.F,18149
Favey,T.F,67798
Alasdair,Z.M.A,22255
Durran,E.D,93018
Ovendon,C.U.O,43834
Maior,Y.I.C.M,27593
Pucker,E.N.P,55625
Filippyev,Z.Q.F,95999
Bartoszek,U.T.B,77557
Flucker,I.F,14252
Fackney,H.B.F,72016
Laughlan,C.J.L,12825
Rymer,Y.M.R,33759
Guerreau,W.N.G,44069
Carayol,U.C.C,88426
Eplate,K.M.E,32792
Hackley,J.H,34989
Crossingham,G.A.U.C,08164
Haime,T.J.Y.H,82237
Catford,O.C,91059
Tremonte,B.V.T,23419
Elletson,R.S.E,20938
Budgeon,I.B,25464
Ikins,Z.U.I,66328
Frodsam,O.H.F,20843
Courtes,Y.Y.R.C,23012
Lauritsen,Z.L,48000
Gallety,N.A.G,05701
Neem,B.N,84449
Juster,M.J,05239
Bricket,O.Z.B,16125
Plows,K.P,82255
Hinckley,K.H,35464
Deplacido,A.J.D,05575
Jelleman,O.B.J,88238
Petyankin,L.P,69937
Backshell,D.B,96178
Brotherhead,J.M.B,07108
Walcar,I.Y.W,26742
Sannes,Y.S,16818
Verlinden,I.X.V,98568
Tunniclisse,G.K.Z.T,59070
Gorgler,S.T.G,72968
Sannes,M.G.S,46533
Langman,O.H.L,37534
Duffy,B.Z.D,60799
Clows,X.C,00915
Gaynor,X.G,28883
Leneham,D.H.L,04273
Curtois,E.U.C,66758
Gibbonson,F.W.G,70979
Kobus,J.K,93730
Cottham,V.F.C,16764
Glanton,A.D.J.G,40441
Rowan,S.N.R,97822
McGuiney,G.M,46113
Borless,P.B,32710
Purver,J.P,70585
Chidler,L.B.C,78632
Soares,W.H.N.S,38874
Breslauer,I.E.B,88755
McPhelim,L.M,21291
Findlater,B.F,39835
Duddan,Q.V.D,86566
Hender,Q.J.H,83362
Rachuig,X.R,02784
Franks,X.F,14249
Raittie,H.R,73151
Tellenbach,U.Q.T,22864
Heeron,Q.H,17678
Tilbury,J.X.T,96138
Ivashin,H.A.I,41172
Punter,Y.P,54074
Skitt,Z.Y.S,58851
Dreelan,D.D,49771
Woodall,Y.W,49487
Umney,R.U,51739
Rushbrook,H.R,58926
Habben,R.C.S.H,57577
Affron,Z.H.A,78175
England,I.W.E,76834
Bayford,R.B,62822
Ellul,C.E,97808
Blick,V.B,09753
Mathews,O.N.N.M,56982
Lindblom,V.L,28847
Di,L.D,92979
Ambroz,V.V.A,53279
Hannaway,C.Y.H,50603
Fer,M.F,72091
Barrick,N.B,38858
Bernini,H.B,15848
Lendon,G.L,66998
Bucknell,W.B,69986
Augustin,M.G.A,99791
Checcucci,P.O.H.C,04023
Lakey,Z.F.L,73095
Boice,S.B,12152
Byres,V.B,85788
Bowdery,F.P.Z.B,66078
Mattevi,U.M,27709
Fauning,Z.U.F,07206
Rossey,Y.D.R,23883
Le,S.J.L,72888
Lindwasser,D.X.A.L,80590
Clancy,A.U.C,04678
Gylle,U.G,13614
Fowlestone,B.W.F,85760
Galland,K.G,25726
Mechi,N.E.R.M,54111
Thurby,C.L.T,33742
Edmondson,T.D.E,50359
Macilhench,O.M,41518
Yukhtin,M.T.Y,63648
Allerton,Z.A.A,22429
Lucus,P.V.L,69142
Meakin,J.M,46503
Brecken,E.E.O.B,17141
Spriggin,K.V.P.S,98438
Keely,K.M.K,41036
Froggatt,X.F,60070
Orry,O.O,78086
Temperton,W.T,02868
Vidineev,X.V,03259
Uphill,M.T.U,67807
Dragon,G.D,73029
Hairsnape,D.E.H,19420
O'Gready,Z.S.O,39633
Ellam,B.E,80746
Speers,D.I.S,79767
Sharpless,M.L.S,47448
Geldeford,P.Y.G,45462
Cussen,O.C,85862
Guilliatt,Z.Y.P.G,25910
Fullerlove,M.P.F,93416
Bodicum,X.B,20589
Atmore,K.A.A,53113
Ferreras,X.N.F,19617
Yushankin,I.R.Y,67845
Lemon,O.T.L,05168
Hartrick,A.H,29448
Wolford,V.Z.W,54329
Sloey,V.S,80412
Scambler,Q.B.E.S,46271
Larmor,W.W.K.L,05456
O'Brollachain,S.H.O,65319
Findlay,W.F.F,13846
Kohtler,R.U.K,35091
O'Sherrin,O.D.O,32796
Sollom,M.O.S,47085
Dufour,T.O.D,16262
Yegorshin,Z.A.Y,37148
Pace,T.P,45315
McDonell,X.K.M,35123
Natt,W.N,07707
Hammerich,W.I.T.H,07183
Eyeington,F.L.E,35187
Langsbury,T.L,36088
Reedy,E.R,28579
Dalrymple,G.D,17893
Clowes,S.C,33473
Coleborn,H.Q.A.C,28418
Melanaphy,B.M,46111
Snufflebottom,R.M.I.S,24841
Harrowsmith,D.H,39220
Huff,X.H,82770
Shelmardine,V.S,37465
Jakes,M.H.V.J,28440
Grimsdale,Q.H.G,98429
Doniso,X.D,34043
Devoy,S.D,68813
Forde,G.H.F,93358
Tute,M.T,01203
Banting,O.F.B,74661
Hartgill,F.H,93345
Haffenden,L.H,83424
Taudevin,C.T,92119
Blei,L.B,62983
Vakhrushin,F.D.V,10897
Stiebler,T.M.S,91894
Hampe,N.H,48884
Carik,T.V.C,47244
Abelson,W.M.A,98899
Belfrage,C.D.B,94975
Van,G.V,39634
Karslake,E.O.K,15391
Toppas,E.T,03460
Haggett,P.C.H,14451
Mc,P.X.M,09181
Sloy,J.G.R.S,57009
Seligson,X.S,69195
Hursthouse,N.V.H,26948
Leades,G.L,45727
Hiddsley,I.H,38151
Lentsch,D.B.L,07085
Rable,Y.R,19915
Brewse,B.B,78709
Le,B.D.L,52707
Lefeaver,O.L,31563
Bullocke,L.B,26482
Fanthom,F.X.F,96893
Newby,P.W.N,21343
Pedroni,E.P,16548
Raun,Q.R,50979
Auton,S.E.R.A,79584
de,V.d,07210
Le,U.L,84211
Traill,O.T,49418
Hassur,P.H,03465
Burniston,G.B,48464
Common,D.O.C,16482
Paye,Z.V.P,91619
Le,X.L,12830
Du,K.M.D,65847
Handaside,X.D.D.H,74485
Haire,S.V.H,49624
Crosi,K.S.S.C,06978
Hugill,Z.U.H,45618
Gritskov,W.G,12052
Jurkiewicz,F.T.J,61143
Giotto,K.Q.G,07414
Ollett,H.I.O,29149
Wettern,P.W,85544
Ottewell,Q.Q.C.O,34228
Pether,L.N.R.P,97217
Sey,Z.S,07389
Ablott,T.Y.A,93741
Droogan,E.F.D,32337
Storrar,W.U.S,14352
Elcom,G.E,62344
Raffels,Y.Z.R,39585
Mustoo,Q.M,55165
Hubble,T.I.H,21233
Ezzell,E.X.S.E,34597
Pierucci,H.G.P,20691
Harbard,P.H,40530
Pavinese,W.O.P,03580
Hards,E.H,31276
Androlli,E.Q.A,96010
Tidswell,I.T,93304
